        GLOBAL Station Temperature Index in 0.01 degrees Celsius   base period: 1951-1980

                    sources:  GHCN-v3 1880-06/2017 (meteorological stations only)
                    using elimination of outliers and homogeneity adjustment
                    Notes: 1950 DJF = Dec 1949 - Feb 1950 ;  ***** = missing

                                                                     AnnMean
Year   Jan  Feb  Mar  Apr  May  Jun  Jul  Aug  Sep  Oct  Nov  Dec    J-D D-N    DJF  MAM  JJA  SON  Year
1880   -84  -41  -48  -67  -37  -50  -49    6  -51  -69  -53  -55    -50 ***   ****  -51  -31  -57  1880
1881   -79  -63  -37  -28   -4 -114  -55  -27  -38  -51  -59  -17    -48 -51    -66  -23  -65  -49  1881
1882     9  -14  -11  -62  -40 -105  -73  -14  -10  -34  -42  -70    -39 -34     -7  -38  -64  -29  1882
1883   -70  -97  -48  -33  -37   42   -3  -18  -48  -59  -71  -41    -40 -43    -79  -39    7  -59  1883
1884   -62  -37  -42  -95 -121  -85  -86   13  -39  -79  -84 -101    -68 -63    -47  -86  -52  -67  1884
1885   -94  -81  -93  -89  -52  -96  -64  -18  -18   -6  -41   -1    -54 -63    -92  -78  -59  -21  1885
1886   -79  -86  -72  -66  -59  -87  -42  -76  -46  -89  -53  -77    -69 -63    -55  -65  -68  -63  1886
1887   -91 -132  -64  -89  -91  -72  -45  -30  -66  -60  -97  -70    -76 -76   -100  -81  -49  -74  1887
1888   -78  -87  -96  -36  -81  -62  -41  -40  -46  -33  -11  -29    -53 -57    -78  -71  -47  -30  1888
1889   -36   10    2    7    2  -31  -49  -66  -43  -27  -49  -49    -27 -26    -18    3  -49  -40  1889
1890   -64  -67  -66  -57  -96  -62  -64  -65  -39  -31  -81  -57    -62 -62    -60  -73  -63  -50  1890
1891  -100 -113  -57  -73  -53  -62  -79  -62  -56  -63  -61   -3    -65 -70    -90  -61  -68  -60  1891
1892   -66  -36  -64  -75  -70  -61  -43  -31  -52  -39  -67  -64    -56 -51    -35  -69  -45  -53  1892
1893  -147 -104  -64  -70  -78  -73  -19  -40  -32  -15  -18  -42    -59 -60   -105  -71  -44  -22  1893
1894   -91  -68  -45  -70  -71  -53  -43  -37  -47  -14  -20  -22    -48 -50    -67  -62  -44  -27  1894
1895   -73  -83  -55  -51  -34  -34  -57  -24  -19  -14  -21  -12    -40 -41    -59  -47  -38  -18  1895
1896   -27  -33  -58  -51  -48  -51  -25  -43  -15   -8  -50  -26    -36 -35    -24  -52  -40  -24  1896
1897   -31  -55  -35  -15  -30  -22  -15  -35  -19  -27   -5  -27    -26 -26    -37  -26  -24  -17  1897
1898   -16  -47  -85  -60  -66  -35  -39  -27   -6  -44  -53  -24    -42 -42    -30  -71  -34  -34  1898
1899   -46  -64  -40  -29  -44  -57  -34  -32   -5  -31   -5  -25    -34 -34    -44  -38  -41  -14  1899
1900   -56   -7  -20  -18  -19  -15  -38  -18  -10   12  -15   -7    -18 -19    -29  -19  -24   -4  1900

Year   Jan  Feb  Mar  Apr  May  Jun  Jul  Aug  Sep  Oct  Nov  Dec    J-D D-N    DJF  MAM  JJA  SON  Year
1901   -22  -14  -13  -11  -22   -1  -29  -25   -2  -21  -17  -26    -17 -15    -14  -15  -18  -13  1901
1902   -32   -6  -22  -22  -35  -38  -47  -55  -43  -48  -51  -59    -38 -35    -21  -26  -47  -48  1902
1903   -36  -16  -21  -57  -46  -67  -34  -46  -47  -54  -50  -65    -45 -45    -37  -41  -49  -50  1903
1904   -83  -79  -59  -47  -67  -52  -64  -53  -49  -56  -29  -44    -57 -59    -76  -58  -56  -44  1904
1905   -45 -100  -27  -36  -38  -33  -46  -29  -24  -39  -10  -26    -38 -39    -63  -34  -36  -25  1905
1906   -18  -34  -36    2  -24  -27  -26  -19  -34  -22  -56  -27    -27 -27    -26  -19  -24  -37  1906
1907   -51  -69  -47  -62  -63  -71  -46  -58  -42  -36  -63  -69    -56 -53    -49  -57  -58  -47  1907
1908   -40  -35  -54  -48  -36  -47  -42  -42  -20  -43  -62  -43    -42 -45    -48  -46  -44  -42  1908
1909   -82  -62  -53  -64  -62  -46  -38  -13  -23  -21  -18  -57    -45 -44    -62  -59  -32  -21  1909
1910   -48  -41  -50  -34  -29  -38  -25  -16  -13  -33  -55  -68    -38 -37    -49  -37  -27  -34  1910
1911   -68  -68  -64  -55  -40  -40  -18  -27  -28  -20  -16  -26    -39 -43    -68  -53  -28  -21  1911
1912   -20  -14  -45  -31  -21  -29  -53  -65  -38  -49  -45  -36    -37 -36    -20  -32  -49  -44  1912
1913   -47  -52  -61  -34  -66  -65  -26  -24  -24  -33  -17    2    -37 -40    -45  -54  -38  -25  1913
1914    11   -7   -8  -23   -5  -12  -24  -10  -11    9  -36  -24    -12 -10      2  -12  -16  -13  1914
1915   -20    2  -15   -6  -25  -26   -1  -23   -5  -13    1  -14    -12 -13    -14  -15  -17   -6  1915
1916   -10  -15  -49  -32  -38  -54  -39  -14  -21  -17  -40  -83    -34 -28    -13  -40  -36  -26  1916
1917   -54  -78  -82  -56  -83  -50   -3  -41  -35  -53  -35  -97    -56 -54    -72  -74  -31  -41  1917
1918   -66  -62  -52  -58  -81  -47  -51  -51  -21   -2  -28  -39    -46 -51    -75  -63  -49  -17  1918
1919   -33  -28  -16  -16  -20  -22  -12  -11  -23  -10  -46  -33    -23 -23    -33  -17  -15  -26  1919
1920   -15  -33  -22  -25  -36  -43  -26  -19  -21  -49  -38  -53    -32 -30    -27  -28  -29  -36  1920

Year   Jan  Feb  Mar  Apr  May  Jun  Jul  Aug  Sep  Oct  Nov  Dec    J-D D-N    DJF  MAM  JJA  SON  Year
1921    -6  -20  -16  -22  -22  -15   -3  -50  -18  -14  -30  -21    -20 -23    -26  -20  -23  -21  1921
1922   -44  -49  -35  -14  -41  -36   -7  -27  -17  -31  -14  -18    -28 -28    -38  -30  -23  -21  1922
1923   -28  -25  -26  -50  -36  -31  -53  -40  -33  -13   -6  -11    -29 -30    -23  -37  -41  -17  1923
1924   -32  -46  -18  -55  -32  -20  -18  -20  -10  -17  -10  -31    -26 -24    -30  -35  -19  -12  1924
1925   -46  -40  -31  -19  -36  -44  -45  -12  -33  -38   -5   15    -28 -32    -39  -29  -34  -26  1925
1926    22   24   17  -15  -39  -25  -19   -1   -2  -15   -1  -29     -7  -3     21  -13  -15   -6  1926
1927   -22  -22  -42  -38  -32  -29   -7  -28  -14   11    9  -26    -20 -20    -24  -37  -21    2  1927
1928     4   -3  -13  -12  -40  -58   -9   -6   -1   -8    7   -7    -12 -14     -8  -22  -24   -1  1928
1929   -30  -55  -39  -46  -44  -46  -41  -40  -24   -1   -6  -62    -36 -31    -30  -43  -42  -10  1929
1930   -25  -24   -9  -26  -19  -25  -23  -20  -16  -31    7   -9    -18 -23    -37  -18  -23  -13  1930
1931   -15  -30   -7  -31  -19  -11    5    7  -18    2  -18    5    -11 -12    -18  -19    1  -11  1931
1932    32  -29  -22    5  -19  -47  -23  -19    5    8  -11  -16    -11  -9      3  -12  -29    1  1932
1933   -37  -29  -27  -21  -14  -28  -12  -19  -11   -9  -37  -56    -25 -22    -27  -20  -20  -19  1933
1934   -15  -13  -37  -36    0  -18    0    6   -9   -7    3    6    -10 -15    -28  -24   -4   -4  1934
1935   -34   21    2  -51  -35  -23  -29  -26  -40   -8  -33  -20    -23 -21     -2  -28  -26  -27  1935
1936   -29  -44  -17   -4  -30  -18   20    0   -3    0    2    7    -10 -12    -31  -17    1    0  1936
1937   -13    4  -22  -20   -3   -6  -12    4   23   20   28   -9     -1   1     -1  -15   -5   24  1937
1938    -1   -1   18   26    8  -13    1   -9    9   29   11  -12      5   6     -4   17   -7   16  1938
1939    -3  -18  -37  -18   -2  -12  -14  -26  -15  -11  -18   32    -12 -16    -11  -19  -17  -14  1939
1940   -22    5    8    0    4   15   19    7   18    4    4   22      7   8      5    4   13    9  1940

Year   Jan  Feb  Mar  Apr  May  Jun  Jul  Aug  Sep  Oct  Nov  Dec    J-D D-N    DJF  MAM  JJA  SON  Year
1941     1   18  -13   -1    8   11   24    2  -22    7   -7    1      2   4     14   -2   12   -8  1941
1942    17   -7   -3   -4    1    2    3    8    4   -4    9    2      2   2      3   -2    4    3  1942
1943   -24    2  -16   -1  -12  -12    8  -20    1   25    3   18     -2  -4     -7  -10   -8   10  1943
1944    31   10    7   -9   -9   -8    3    3   20   17   -3  -24      3   7     20   -4   -1   11  1944
1945    -3  -20   -6    9  -30  -32  -27   18    5    1  -11  -40    -11 -10    -16   -9  -14   -2  1945
1946    -4   -8  -20    2   -3  -21    1   -7   -3  -20  -14  -35    -11 -11    -17   -7   -9  -12  1946
1947   -17    0   14    9   -4    0   -5    0    0   22   21  -19      2   0    -17    6   -1   14  1947
1948    17  -19  -31  -14    1    4  -18  -21   -3   -5  -20  -22    -11 -11     -7  -15  -12   -9  1948
1949     2  -38  -10  -27  -16  -18  -11  -14   -9   -3   -6  -20    -14 -14    -19  -18  -14   -6  1949
1950   -32  -34   -8  -25  -25  -11  -14  -36  -20  -25  -43  -20    -24 -24    -29  -19  -20  -29  1950
1951   -40  -49  -18   -5    3   -6   -6    8    8   -2   -4   12     -8 -11    -36   -7   -1    0  1951
1952     7    9  -21   -9  -13  -12    4    8   11   -5  -22   -5     -4  -2      9  -14    0   -5  1952
1953     8    5   13    8   -5   -1   -7    8    6    3    1   13      4   3      2    5    0    3  1953
1954   -31   -9  -12  -15  -19  -21  -28  -19  -19    0   16  -14    -14 -12     -9  -15  -23   -1  1954
1955    21  -11  -40  -18  -19  -20  -17   11  -11    0  -26  -33    -13 -12     -1  -26   -9  -12  1955
1956   -24  -32  -34  -26  -31  -10  -12  -33  -15  -24  -25  -20    -24 -25    -30  -30  -18  -21  1956
1957   -15   -6   -8    1    0   13  -12   13    8    0   14   20      2  -1    -13   -2    5    7  1957
1958    42   24   18    8   11  -17    7  -10   -7    9    8   -6      7   9     29   12   -7    3  1958
1959     5    9   24   18   -3    8   10   -1  -14  -11   -9    9      4   2      3   13    6  -12  1959
1960     8   27  -46  -22  -15   -3  -12    6    9   11  -10   16     -3  -3     14  -28   -3    3  1960

Year   Jan  Feb  Mar  Apr  May  Jun  Jul  Aug  Sep  Oct  Nov  Dec    J-D D-N    DJF  MAM  JJA  SON  Year
1961     8   20    1   12   17   12   -1    8   15    9    8  -13      8  11     15   10    6   11  1961
1962     8   15   11    5  -10    6  -12   -8    2    2   10    1      3   1      3    2   -4    5  1962
1963     0   24  -23  -19  -13    5    6   18   22   10    6   -5      3   3      8  -18   10   13  1963
1964    -7  -16  -27  -36  -33  -12   -7  -30  -37  -35  -21  -35    -25 -22     -9  -32  -16  -31  1964
1965    -7  -18  -11  -29  -16  -16  -27   -8  -27   -9  -13  -18    -17 -18    -20  -19  -17  -16  1965
1966   -21   -3   15   -8  -11   -4   11  -10   -2  -26   -4   -8     -6  -7    -14   -1   -1  -11  1966
1967    -8  -26    1   -8   18  -12    6    2   -1   11    0    1     -1  -2    -14    4   -1    3  1967
1968   -21  -16   33   -8  -18  -11  -14   -8  -27    6   -8  -22    -10  -8    -12    2  -11   -9  1968
1969   -16  -25   -9   12   16    4   -2   -9    1    8    9   33      2  -3    -21    6   -2    6  1969
1970     4   27   11   13   -5   12    9   -7   17   12    4  -10      7  11     21    6    5   11  1970
1971    -1  -12  -19   -3   -7  -20  -10    4    3   -2  -12   -5     -7  -7     -7   -9   -9   -3  1971
1972   -29  -30   -6   -5   -1    8    7   21    6   -3   -5   16     -2  -4    -21   -4   12   -1  1972
1973    26   32   38   36   35   28   20    6   12   21   10   -1     22  23     24   36   18   14  1973
1974    -6  -23    0   -6    3    2   -1   13  -14   -7   -7   -3     -4  -4    -10   -1    5   -9  1974
1975     7   10   14    4   27    5    8  -25   -2   -3   -6  -21      2   3      5   15   -4   -3  1975
1976    -1   -7  -30  -22  -23  -17  -16  -23  -15  -36  -16   -2    -17 -19    -10  -25  -19  -22  1976
1977    15   23   31   31   31   33   31   30   -8    1   25   15     21  20     12   31   31    6  1977
1978    14   21   28   27   21    4   20  -13   15    5   15   12     14  14     17   25    4   12  1978
1979    18  -10   26   20   10   21    5   14   30   28   30   53     20  17      7   18   13   29  1979
1980    37   46   41   44   47   22   38   32   33   24   30   19     34  37     45   44   31   29  1980

Year   Jan  Feb  Mar  Apr  May  Jun  Jul  Aug  Sep  Oct  Nov  Dec    J-D D-N    DJF  MAM  JJA  SON  Year
1981    62   57   67   51   34   39   52   54   28   11   22   48     44  41     46   50   48   21  1981
1982    13   26    0    4   26    5   19    9   10    2   13   42     14  15     29   10   11    9  1982
1983    50   41   48   41   49   29   22   47   57   35   33   19     39  41     44   46   33   42  1983
1984    25   17   38   16   47    5   19   28   27   22   12    4     22  23     20   33   17   20  1984
1985    32    3   27   21   22   27    3   36   26   15    9   14     20  19     13   23   22   17  1985
1986    39   52   40   44   34   13   16   21    3   12   12   20     25  25     35   39   17    9  1986
1987    44   53   25   38   30   56   59   27   37   35   29   56     41  38     39   31   47   34  1987
1988    67   49   62   50   62   60   45   57   56   55   18   39     52  53     57   58   54   43  1988
1989    26   45   44   42   19   15   49   52   54   44   23   40     38  38     37   35   39   40  1989
1990    53   41   85   64   56   47   62   43   31   52   53   47     53  52     45   68   50   45  1990
1991    50   63   48   73   43   69   63   57   63   36   33   33     53  54     53   55   63   44  1991
1992    50   42   54   24   27   31    8   15   -3    9    3   25     24  24     42   35   18    3  1992
1993    40   43   34   31   28   29   40   23   11   25   10   20     28  28     36   31   31   15  1993
1994    40    9   28   54   28   58   42   27   43   42   52   45     39  37     23   37   42   46  1994
1995    57   90   53   59   39   52   64   58   48   68   54   41     57  57     64   50   58   57  1995
1996    42   62   46   52   36   34   58   77   45   34   52   55     49  48     48   44   56   44  1996
1997    48   55   66   40   45   68   35   47   51   62   73   71     55  54     53   50   50   62  1997
1998    74  121   84   83   95  105   92   86   59   68   66   79     84  84     88   87   94   65  1998
1999    69   86   50   42   50   63   64   55   66   64   59   52     60  62     78   47   61   63  1999
2000    31   78   70   75   57   69   64   61   55   35   48   49     58  58     54   67   64   46  2000

Year   Jan  Feb  Mar  Apr  May  Jun  Jul  Aug  Sep  Oct  Nov  Dec    J-D D-N    DJF  MAM  JJA  SON  Year
2001    58   62   69   61   74   66   72   64   71   62   79   73     68  66     56   68   68   71  2001
2002    97   90  113   80   87   65   84   69   82   65   72   56     80  81     87   93   73   73  2002
2003    93   75   73   69   88   64   66   86   82   84   65   88     78  75     75   77   72   77  2003
2004    73   93   84   76   48   67   23   59   59   83   88   66     68  70     85   69   50   77  2004
2005    95   86   95   84   76   83   80   74   98   99   90   89     88  86     82   85   79   96  2005
2006    76   91   80   68   49   76   65   82   73   82   86   91     77  76     85   66   75   80  2006
2007   122   93   92   94   94   65   79   85   81   79   72   71     86  87    102   93   76   78  2007
2008    47   45   90   66   56   53   73   40   82   73   81   72     65  65     54   71   55   79  2008
2009    75   74   65   74   81   80   87   84   91   74   83   77     79  79     74   74   84   83  2009
2010    97  105  112   99   95   85   74   83   86   95  100   69     92  92     93  102   81   94  2010
2011    72   69   77   81   64   73   90   95   77   84   78   80     78  77     70   74   86   79  2011
2012    62   58   70   80   94   72   58   85   90   94   94   72     77  78     66   81   72   93  2012
2013    98   74   85   66   67   86   66   80  101   85   87   83     82  81     81   73   77   91  2013
2014    96   66   78   90  105   77   72   85  110  102   80   98     88  87     82   91   78   97  2014
2015    95  107  111   77   85   84   69   90   81  118  119  141     98  94    100   91   81  106  2015
2016   137  165  164  135  116   92   97  129  111  121  118  112    125 127    148  139  106  116  2016
2017   111  142  136  118  119   77 **** **** **** **** **** ****   **** ***    122  124 **** ****  2017
Year   Jan  Feb  Mar  Apr  May  Jun  Jul  Aug  Sep  Oct  Nov  Dec    J-D D-N    DJF  MAM  JJA  SON  Year

Divide by 100 to get changes in degrees Celsius (deg-C).
Multiply that result by 1.8(=9/5) to get changes in degrees Fahrenheit (deg-F).

Example      --      Table Value :      40
                          change :    0.40 deg-C  or  0.72 deg-F